PERMX
538.6
247.75
117.15
175.7
115.75
379.8
256.2
302.25
164.9
188.75
825.95
1436.0
563.7
241.55
177.35
250.5
453.7
128.8
185.05
310.35
285.5
55.5
195.55
313.6
754.9
1214.0
512.35
312.4
266.35
224.0
264.45
325.3
279.7
540.85
951.45
1145.7
831.4
1494.6
340.8
213.65
135.2
311.65
191.6
284.0
264.15
244.15
146.1
333.2
238.3
366.6
434.7
253.4
130.4
234.3
160.7
177.75
331.55
311.5
224.1
576.35
667.1
900.35
581.65
215.1
352.95
419.25
353.85
151.05
369.7
436.8
235.5
55.2
246.25
250.0
730.0
1004.3
628.35
569.45
436.8
182.2
313.75
286.75
339.05
594.75
1290.35
734.35
1030.9
1608.75
683.3
408.5
298.6
268.05
207.35
280.3
366.55
141.3
162.55
347.95
359.6
329.65
400.0
374.55
226.05
211.85
147.85
184.65
362.05
332.9
351.75
759.7
821.65
1210.5
723.2
347.65
230.95
573.65
120.95
179.45
369.4
452.75
125.6
179.6
154.3
80.2
851.05
1298.1
495.1
474.5
182.85
180.85
372.7
227.5
294.1
1290.8
1381.15
550.5
1143.1
1062.45
1164.85
786.25
775.45
489.75
346.65
231.75
196.5
413.8
170.7
339.0
431.1
400.6
700.95
403.1
335.65
176.1
162.9
175.4
286.45
297.85
350.25
421.15
1112.05
1018.95
731.55
279.25
193.7
137.75
286.0
107.9
361.75
343.4
251.15
212.05
211.95
238.75
760.7
817.2
1015.7
414.0
174.65
258.5
561.9
387.85
463.45
896.6
985.6
551.9
522.0
436.15
575.55
573.9
628.25
319.9
258.9
257.15
247.35
160.0
208.4
502.75
390.5
196.35
476.3
576.85
585.55
327.1
127.0
98.3
199.95
203.9
416.65
470.5
1204.2
389.4
239.65
302.1
157.5
167.75
333.5
288.4
334.45
203.95
178.6
205.1
141.2
434.85
477.0
1205.4
517.4
457.0
216.4
269.5
511.15
410.5
867.05
934.45
502.05
252.35
415.15
693.95
722.5
686.0
838.35
423.9
598.5
613.05
497.7
329.85
41.6
333.3
563.35
359.45
447.15
400.3
399.95
212.2
250.25
178.5
161.15
248.95
351.4
732.65
1366.15
705.4
230.25
215.9
61.45
270.85
205.6
408.7
197.15
390.2
246.4
149.2
208.2
184.75
411.55
1087.0
896.2
980.65
201.55
218.2
444.65
389.05
974.25
480.8
878.1
166.25
271.75
183.0
825.55
673.05
1155.35
798.9
469.75
911.95
425.95
111.35
180.1
407.55
525.65
441.0
411.9
404.05
193.65
157.85
225.75
218.7
309.7
144.35
541.3
436.1
1136.85
765.05
200.85
365.65
236.45
153.7
415.45
433.2
193.1
250.5
271.45
193.9
139.85
528.85
797.15
1043.95
855.6
792.3
259.9
178.15
377.1
842.45
1266.1
778.95
266.85
222.1
226.9
175.5
238.25
448.95
582.7
542.45
725.8
439.9
256.1
224.55
165.95
229.0
355.95
373.45
507.25
231.0
491.75
344.25
238.1
219.65
391.5
159.95
220.2
1029.15
1476.5
1053.95
234.0
222.75
170.55
240.8
376.15
377.25
231.85
258.7
207.85
248.2
476.75
283.3
435.45
1173.6
497.9
249.45
284.6
439.5
636.7
621.45
1099.5
365.8
211.05
148.75
204.75
234.9
242.45
440.2
517.25
611.05
1048.55
459.0
214.3
315.35
127.95
309.1
274.2
322.75
975.45
416.75
349.25
187.3
321.4
423.35
524.4
153.45
174.35
1064.15
1035.75
310.25
253.6
392.9
135.9
159.25
429.05
387.7
178.6
206.1
392.85
342.2
282.75
122.35
502.7
998.5
623.6
196.55
155.25
405.8
499.45
916.8
511.7
327.65
382.85
115.0
239.25
189.75
156.45
154.45
302.15
611.6
1255.55
491.7
571.75
429.8
179.75
246.65
229.6
424.05
1182.4
257.15
580.5
361.35
474.7
414.2
463.7
290.75
181.0
549.55
823.1
770.65
340.55
236.5
176.2
249.8
430.65
340.15
117.95
240.1
487.35
387.35
226.05
203.35
512.85
944.7
908.5
638.4
211.85
399.65
1096.65
1330.9
720.2
196.05
199.4
228.9
204.85
354.75
358.45
251.15
239.95
536.9
1042.15
1529.4
612.5
422.45
259.7
94.45
176.4
252.95
895.6
823.55
532.9
380.1
416.25
388.9
355.05
248.8
291.05
1119.9
1092.1
422.2
356.55
253.05
235.5
257.15
346.5
175.7
192.8
318.4
556.05
379.05
187.65
193.95
856.95
870.7
965.1
557.95
136.15
540.85
1421.8
527.5
524.4
358.8
339.25
214.5
357.15
280.8
238.7
406.8
219.15
514.7
772.05
1606.85
420.5
572.1
234.45
110.95
144.5
251.8
1063.65
1254.5
787.1
415.75
233.9
199.5
484.05
178.2
238.7
475.3
1055.75
640.9
484.0
181.45
232.6
345.0
458.2
272.75
133.85
418.7
417.05
319.3
199.6
279.25
582.35
1404.2
1281.15
421.85
246.15
307.95
1083.15
465.55
307.75
350.65
369.25
354.05
195.4
259.8
217.45
223.7
307.15
273.25
498.1
1200.6
802.1
1019.5
389.4
150.1
100.75
180.9
1174.1
1125.9
467.2
536.55
295.3
488.95
286.9
332.5
366.6
340.2
1550.6
892.15
511.75
481.85
350.5
424.8
451.55
267.45
223.5
360.35
308.1
331.6
274.3
266.35
700.1
957.4
1024.3
472.6
289.3
507.5
1393.9
428.2
220.85
219.65
245.35
364.75
297.95
322.4
361.7
243.4
302.1
232.65
606.0
844.8
776.05
324.75
353.4
235.15
212.05
223.3
900.5
1275.05
844.35
515.65
230.8
277.05
277.65
252.25
530.15
264.9
1372.5
605.7
519.75
473.75
136.4
287.9
166.25
214.45
309.5
254.05
380.35
183.0
212.15
177.7
649.15
1300.55
499.7
604.15
444.65
458.05
1395.15
354.9
377.15
239.45
148.95
305.3
548.8
204.25
354.1
269.65
241.85
229.8
231.5
486.65
888.5
647.6
289.6
267.7
257.15
356.95
846.2
1750.0
794.2
629.45
435.75
252.0
415.3
336.75
536.15
490.55
1048.45
767.95
384.15
529.5
423.6
397.8
187.4
202.7
281.8
370.25
205.2
284.95
317.9
203.05
607.95
1021.35
871.25
344.45
600.5
1106.0
1207.45
278.85
332.25
276.85
194.85
336.0
294.75
529.7
260.85
297.6
333.15
197.9
323.9
963.4
798.15
509.2
259.3
408.2
414.15
266.35
381.35
1593.0
937.65
1018.75
605.25
195.4
293.7
238.15
531.1
442.1
878.85
1082.9
639.35
355.15
379.7
186.55
259.05
191.55
200.25
424.3
235.55
287.3
195.05
243.45
272.3
761.15
512.1
468.55
305.75
805.25
679.75
394.3
501.5
281.65
89.7
195.75
340.25
357.1
400.8
454.3
329.35
168.95
197.6
654.05
934.25
668.0
761.25
585.2
576.65
230.0
815.25
874.75
1334.2
1471.2
682.6
593.45
206.7
160.85
180.55
221.9
641.65
1003.15
530.4
271.1
215.45
106.25
232.9
218.3
197.35
434.65
458.4
294.45
166.1
288.25
408.3
482.9
600.15
529.4
935.75
1302.15
734.05
345.2
521.2
312.75
152.8
257.85
305.05
298.9
68.7
266.8
154.0
131.5
113.0
306.25
342.35
482.8
850.95
806.0
606.7
440.3
774.2
791.55
950.6
896.4
770.65
476.45
335.0
200.75
118.65
149.4
783.05
1158.45
476.0
228.4
124.35
124.85
204.15
84.1
427.4
527.45
364.1
324.55
255.15
126.65
454.35
863.7
582.85
794.8
926.6
1076.45
562.75
372.3
410.1
344.55
354.5
231.6
262.25
224.75
607.6
194.3
142.9
147.25
164.85
389.45
435.8
782.3
810.1
781.05
929.65
220.2
387.7
1006.15
507.75
1047.85
969.45
244.5
761.55
221.35
79.4
384.35
501.45
1065.3
1045.6
161.5
168.6
256.25
336.0
297.1
287.55
405.5
517.15
541.15
322.85
209.5
673.1
697.75
1156.9
510.95
1344.75
795.25
248.75
357.0
306.95
157.35
263.45
157.2
136.3
162.15
220.75
277.0
159.85
279.45
305.65
186.05
221.6
684.3
422.0
847.6
695.55
867.65
862.65
1248.95
409.0
425.05
1171.75
1223.2
435.2
173.6
108.55
247.05
612.65
656.65
951.75
289.65
97.25
152.45
323.55
244.55
365.95
315.0
421.9
315.5
231.25
335.15
381.0
504.2
1143.6
311.3
526.5
882.35
341.8
286.5
116.55
212.8
448.45
285.3
145.0
178.4
583.9
547.95
332.35
243.2
243.6
148.65
375.55
370.95
673.95
607.8
803.55
777.9
1381.25
856.05
550.8
226.3
680.55
788.9
736.05
867.3
216.0
337.7
762.6
620.0
777.2
154.45
102.75
130.0
204.5
301.05
302.8
448.0
257.8
233.5
149.45
539.3
220.45
1079.9
976.15
783.8
908.5
894.65
487.05
199.1
132.05
256.15
296.35
119.0
302.1
129.2
232.9
501.65
455.45
274.05
155.05
238.3
261.1
273.9
565.7
839.7
560.9
461.75
1366.85
1164.45
487.65
225.85
356.85
750.6
588.4
990.3
526.95
536.95
305.05
851.7
449.5
440.8
266.3
134.75
128.55
160.55
370.8
218.85
185.6
174.85
465.45
442.75
623.25
774.05
1003.65
773.2
656.45
1092.6
390.65
170.05
205.05
241.15
280.85
229.3
357.95
71.75
332.85
264.25
436.85
217.7
431.05
232.3
191.75
246.05
297.35
357.95
631.75
681.6
1193.5
1016.45
405.05
182.25
415.55
480.7
598.65
797.1
782.15
814.2
475.05
889.45
838.5
543.5
290.75
378.25
226.8
300.4
353.7
175.4
99.9
156.75
453.9
151.15
312.25
1166.75
1102.8
799.05
547.85
1149.05
329.15
189.05
332.95
365.6
265.3
283.25
296.1
200.45
132.6
186.3
617.15
302.7
494.8
189.25
73.75
235.55
150.2
330.3
562.6
502.25
979.4
790.9
298.65
185.85
410.55
367.55
345.8
582.05
993.85
445.25
497.4
1326.2
464.1
740.35
323.45
209.45
269.9
216.8
555.35
257.6
261.2
163.2
258.85
99.25
333.45
504.8
1351.0
559.2
975.1
1351.6
359.1
228.15
312.1
218.6
152.0
259.05
327.05
199.35
214.75
215.65
283.65
218.8
478.3
347.85
223.95
279.8
527.75
429.65
267.1
491.35
1549.3
352.55
219.0
231.75
408.4
283.6
166.65
356.1
1173.65
1261.2
430.65
929.65
798.6
428.45
398.75
114.85
264.4
206.65
240.55
300.1
206.85
282.1
138.95
169.6
339.25
456.4
699.25
970.45
1131.15
1224.95
219.1
255.15
276.95
269.85
142.45
205.9
476.3
370.25
448.1
147.75
106.5
161.0
354.3
204.25
264.2
109.45
449.0
244.55
658.6
590.85
585.25
763.55
119.45
217.4
240.45
83.1
194.8
567.5
884.85
827.7
838.45
1055.45
824.3
250.45
280.9
227.45
153.7
320.5
437.95
352.3
196.3
271.0
193.3
102.65
316.1
758.75
752.2
1112.65
386.45
951.3
696.05
199.3
236.65
194.35
279.5
226.05
374.65
437.9
407.2
260.85
231.25
154.5
184.65
411.85
198.05
126.5
398.95
422.8
466.3
831.8
852.95
494.8
186.5
252.95
328.75
228.95
231.4
411.45
454.6
753.25
1320.85
1750.0
750.15
245.35
322.7
307.5
210.45
247.25
395.9
332.25
194.15
180.75
161.6
141.05
297.15
425.05
473.85
1180.25
898.3
1019.45
591.75
370.15
360.85
505.55
183.8
258.7
162.15
251.4
357.75
99.65
66.6
262.55
471.25
703.4
395.85
573.4
915.9
486.3
697.8
310.55
492.8
537.3
126.35
188.15
396.25
287.0
380.1
517.1
305.1
485.15
1067.8
1750.0
481.2
537.0
285.05
423.9
248.15
152.8
332.25
583.95
231.7
244.6
287.2
150.3
346.75
480.55
777.6
1195.65
1291.0
1664.6
787.55
247.4
416.8
478.15
240.2
121.5
108.7
278.8
248.65
121.05
188.75
602.0
462.5
366.8
352.7
787.25
774.3
312.1
780.85
791.15
544.9
395.35
108.1
150.6
352.55
476.5
233.3
219.8
360.85
476.2
1181.8
1750.0
1051.8
758.5
406.3
467.7
270.6
246.0
253.55
217.2
264.35
292.8
291.4
175.5
184.3
186.95
321.55
667.9
1019.8
1498.55
841.55
222.65
238.35
580.8
153.55
104.1
178.6
368.05
236.1
388.3
376.5
814.25
763.4
1028.7
547.5
592.25
438.6
549.0
480.2
305.9
330.3
239.95
125.25
165.05
375.55
373.8
156.15
180.5
215.4
356.7
826.35
1562.15
1128.5
801.4
358.3
412.0
164.6
280.15
162.3
339.05
133.65
245.3
350.9
174.15
138.75
163.2
271.15
750.5
1557.4
1750.0
1019.55
461.75
172.9
384.7
315.55
172.9
216.05
370.5
257.75
509.7
349.7
880.85
819.15
539.85
714.3
638.8
596.65
765.25
463.05
386.6
276.55
138.35
101.25
168.25
171.5
131.9
120.65
386.25
346.05
752.8
923.5
753.5
1384.9
822.65
1141.5
452.45
205.85
239.8
129.6
275.45
101.8
200.15
210.95
261.55
88.45
124.8
322.85
816.3
1195.0
1202.2
1541.8
402.45
330.9
236.75
396.3
174.4
336.6
645.45
402.65
637.35
663.8
1051.6
1014.75
584.55
504.85
453.4
491.25
588.85
372.95
154.8
180.15
190.5
222.9
256.95
168.25
181.6
231.4
517.95
410.2
1396.9
406.0
418.4
233.3
868.45
941.0
395.25
409.55
283.8
305.4
413.15
295.6
177.2
304.25
344.5
208.15
217.15
372.85
413.0
885.75
1130.05
1428.7
826.85
290.7
227.8
305.55
150.55
641.2
635.5
678.65
821.05
449.65
576.15
771.55
338.7
496.15
401.1
376.35
325.45
220.35
233.85
278.75
273.15
134.05
270.8
198.2
167.3
202.15
454.7
698.9
885.5
861.45
479.3
478.4
367.5
751.6
764.55
348.5
247.2
260.25
205.15
352.25
224.35
340.1
272.0
488.35
95.0
359.25
607.55
762.8
1750.0
1494.8
565.05
353.5
240.55
180.9
234.4
879.0
986.9
802.85
961.85
335.1
414.15
327.7
455.0
327.75
339.4
292.6
358.35
159.3
228.9
581.8
386.7
88.95
316.35
191.4
189.6
351.35
566.65
792.15
1080.75
504.75
429.65
208.0
548.15
828.15
868.9
445.25
222.2
181.7
355.35
360.6
264.35
111.8
155.1
400.65
182.5
141.9
204.05
900.55
1566.7
1350.55
761.85
405.4
154.1
83.8
257.55
596.4
791.3
557.5
648.95
592.25
350.0
597.75
348.35
207.3
237.8
384.9
137.75
346.7
398.15
645.7
356.1
125.75
110.75
235.4
154.15
377.5
770.1
1028.25
738.75
464.35
227.65
102.95
216.2
518.15
1370.3
609.05
462.5
194.6
381.45
278.05
139.6
198.65
291.65
358.15
189.25
136.45
294.65
358.1
1315.85
1607.1
609.85
509.95
113.65
143.9
512.0
540.05
1275.0
544.1
392.7
437.0
200.35
305.85
568.2
271.7
263.65
270.9
256.1
183.7
324.7
488.35
359.1
80.5
60.4
157.05
362.1
788.45
762.75
939.95
449.35
473.3
142.35
100.1
215.85
406.25
1282.7
1010.3
557.6
428.15
359.25
258.45
197.6
341.25
223.5
505.75
252.1
354.4
224.35
349.2
1109.9
1444.9
1519.0
323.0
108.0
220.6
574.35
754.0
1287.75
706.6
676.15
357.85
197.3
368.0
213.7
315.8
121.45
380.3
282.0
184.45
325.8
471.55
489.55
265.7
183.05
280.95
456.6
773.05
988.0
1003.25
546.7
483.9
105.15
96.65
100.6
248.9
1090.35
1015.6
735.05
444.95
207.4
150.85
272.4
381.7
302.5
317.8
124.7
169.0
246.7
293.05
1121.1
1659.9
1662.6
319.9
253.85
186.05
864.9
966.35
1635.25
470.3
330.55
182.7
96.2
340.0
430.1
507.25
412.6
313.5
255.8
303.45
336.95
239.45
246.75
383.6
169.0
248.7
515.55
331.15
1303.9
510.5
355.3
356.75
116.5
253.85
122.5
379.1
384.25
1493.95
955.5
766.1
234.6
204.5
261.15
686.15
240.3
149.5
216.25
194.9
143.05
450.3
730.65
1750.0
1198.05
428.4
260.9
393.1
366.0
1021.75
872.45
552.45
248.0
119.65
143.35
272.1
207.65
499.85
82.8
116.0
243.95
473.3
206.9
227.2
285.5
344.5
267.4
645.75
467.1
1099.75
1262.85
574.25
264.9
271.55
236.35
191.8
263.45
365.35
585.4
920.0
905.15
479.2
278.1
223.25
160.65
284.65
165.9
283.35
257.75
124.65
377.45
326.5
1114.1
1337.75
1750.0
564.0
358.35
225.05
644.7
1215.5
626.15
317.5
272.25
277.25
51.8
334.15
179.9
322.1
104.8
115.85
375.0
339.8
327.35
222.6
402.05
665.85
378.35
247.35
613.95
1024.7
505.0
250.45
178.75
235.05
203.8
248.35
253.65
351.95
593.85
1110.25
978.6
683.35
247.65
136.8
374.85
172.5
221.7
187.05
334.8
219.6
168.55
789.25
957.7
1670.9
1021.95
887.55
626.05
302.9
675.4
1290.85
556.55
233.75
216.4
186.85
145.4
216.1
266.0
165.75
98.5
204.65
502.85
557.45
186.5
254.6
267.15
477.85
297.1
520.8
1358.45
1250.3
405.55
235.65
332.1
225.65
351.0
255.1
371.4
421.35
268.4
933.3
1354.65
533.65
343.15
112.55
260.15
266.65
454.3
287.7
134.35
222.45
180.65
414.25
577.3
1512.9
846.35
704.2
762.45
387.15
807.8
1104.5
1056.9
158.9
303.95
249.25
215.55
193.8
223.0
170.1
200.55
304.6
488.95
325.35
254.65
198.9
116.95
201.2
321.35
556.9
1215.9
795.5
189.55
194.8
201.4
240.9
272.4
337.0
130.45
423.1
359.4
651.3
1375.2
765.0
184.3
100.6
317.5
368.0
409.45
259.95
187.65
124.2
159.3
657.3
1096.05
855.4
609.95
874.55
430.65
596.2
679.8
630.65
836.0
486.45
312.2
179.9
151.25
136.55
246.3
263.85
292.25
220.85
246.4
356.7
112.5
347.75
220.1
213.85
235.6
542.25
1017.2
522.2
391.85
241.2
168.15
215.45
201.85
188.65
301.1
428.4
399.6
435.95
927.15
223.25
184.5
76.05
443.2
329.9
448.1
273.9
272.8
100.1
237.75
767.15
663.6
958.9
323.15
801.2
774.9
408.2
652.2
1188.4
1035.35
739.15
251.75
286.7
149.0
162.9
242.2
358.3
418.75
156.65
296.95
217.1
138.3
710.25
256.35
143.0
301.9
366.35
960.55
452.85
226.5
277.3
228.9
249.7
166.05
338.75
234.1
328.6
348.7
490.9
1331.55
931.15
370.7
106.7
155.75
397.95
370.45
100.5
166.6
227.1
451.9
1366.85
950.15
283.75
516.9
823.1
1012.8
295.0
689.5
1184.3
893.7
385.3
383.5
220.95
80.6
131.8
434.8
220.35
237.15
107.0
323.7
321.65
153.95
519.15
276.55
140.45
443.0
760.6
607.05
185.6
280.7
255.7
321.5
389.05
127.4
266.2
184.05
234.1
311.7
494.4
1429.75
584.7
240.35
108.95
361.05
435.15
445.1
166.65
206.1
269.05
656.15
1422.95
769.9
291.95
433.5
416.4
1346.35
758.15
319.8
726.35
942.4
700.65
438.45
165.45
167.25
217.4
252.45
166.8
100.95
296.0
308.8
284.05
129.7
344.55
328.45
219.65
646.65
937.65
357.3
345.35
329.65
293.2
229.0
295.7
224.45
231.4
126.15
129.45
241.9
782.7
924.25
749.95
195.75
297.5
275.95
280.55
172.95
259.25
307.05
511.9
906.2
881.4
814.9
509.3
273.45
314.9
919.1
795.85
753.3
876.5
991.5
714.9
281.2
149.1
131.8
310.45
210.8
86.75
125.5
169.15
255.05
677.35
312.25
334.55
215.45
168.25
447.55
1226.3
754.8
339.3
332.95
303.75
323.55
138.55
237.7
170.5
135.45
137.75
382.9
686.15
1047.0
583.55
373.05
237.7
269.0
174.1
263.25
324.45
411.15
746.7
911.4
637.8
556.75
161.9
101.6
335.2
758.55
943.2
754.7
753.85
580.4
385.15
454.7
155.1
244.25
406.15
274.65
158.15
182.1
242.95
333.8
158.75
97.9
422.8
312.25
303.05
690.4
1232.8
765.9
423.55
398.25
398.3
282.15
74.15
168.9
245.8
137.45
121.85
463.0
945.45
1141.8
470.8
394.75
270.4
183.45
191.05
291.55
553.3
860.35
821.15
423.35
520.85
395.35
150.25
165.35
231.85
842.25
940.55
765.8
881.0
761.65
665.4
293.55
204.15
229.15
449.55
516.3
193.25
182.85
104.45
150.9
275.65
63.75
230.65
174.65
192.1
637.8
818.65
588.25
431.45
262.65
208.0
483.95
237.0
126.8
205.7
241.1
478.3
566.35
485.4
940.6
463.7
298.45
313.15
288.2
347.1
382.1
736.9
970.55
894.0
475.8
398.25
270.3
308.45
65.25
198.85
788.25
752.3
956.5
1004.25
913.1
835.85
274.9
114.9
235.65
245.65
431.75
575.3
193.6
199.5
250.3
186.15
356.85
230.85
563.8
252.55
803.7
1266.6
865.7
224.1
195.7
221.95
516.95
110.15
112.55
180.35
238.3
256.9
447.35
870.05
857.0
605.05
293.65
295.85
319.6
206.2
631.4
538.3
817.75
788.95
510.75
184.7
273.35
133.2
201.35
163.95
542.05
914.35
1006.45
1229.65
1335.25
913.75
395.75
202.05
158.9
330.2
344.9
387.1
181.65
60.4
267.4
227.5
511.25
/
